9	1
14	5
126	4
217	2
224	5
277	2
334	3
337	2
384	1
439	5
573	4
574	1
652	1
729	1
944	5
997	2
1069	4
1104	1
1105	3
1126	1
1241	6
1262	5
1368	3
1452	3
1492	6
1511	3
1522	4
1531	1
1550	5
1565	4
1572	4
1674	1
1779	1
1824	4
2057	3
2058	6
2176	5
2227	1
2283	3
2456	3
2555	1
2616	5
2773	3
2802	3
2817	6
2830	3
2857	5
2876	1
2883	2
3112	3
3132	5
3161	4
3170	1
3196	4
3203	1
3362	2
3385	3
3535	2
3644	2
3667	1
3702	1
3791	5
3914	2
3923	5
3936	3
3967	2
3976	1
4093	5
4152	1
4160	3
4272	2
4281	1
4307	1
4386	1
4423	3
4580	1
4591	4
4613	5
4681	3
4774	1
4834	3
4943	4
5002	5
5011	1
5025	3
5052	1
5121	3
5188	2
5239	1
5296	3
5462	2
5623	2
5632	2
5655	7
5738	2
5979	2
6062	2
6089	5
6114	1
6117	1
6128	1
6543	2
6552	1
6571	5
6580	4
6621	1
6628	3
6711	2
6716	1
6773	2
6810	5
6921	2
6953	6
7000	6
7001	1
7004	2
7059	1
7142	3
7155	6
7188	1
7223	2
7253	4
7311	1
7351	4
7391	1
7552	3
7557	3
7597	6
7737	4
7744	3
7783	5
7876	5
8044	5
8103	1
8134	4
8139	6
8157	4
8203	3
8248	1
8328	2
8437	4
8483	3
8566	4
8719	3
8734	1
8762	1
8803	5
8917	2
8996	3
9025	2
9034	3
9045	5
9126	1
9137	3
9185	2
9222	3
9263	5
9312	6
9343	1
9358	2
9388	3
9447	1
9606	4
9652	1
9688	2
9736	3
9751	5
9798	6
9808	1
9894	2
9934	3
10030	1
10188	1
10199	2
10255	1
10383	3
10423	5
10466	4
10471	1
10525	3
10597	5
10608	3
10702	3
10721	4
10746	5
10765	3
10985	3
11125	1
11166	3
11201	3
11345	1
11372	1
11546	5
11549	2
11566	6
11571	1
11599	1
11629	2
11685	1
11858	2
11896	3
11913	2
11930	1
11933	1
12011	1
12072	3
12085	7
12086	3
12154	5
12336	1
12398	2
12411	4
12496	1
12574	2
12583	3
12681	1
12752	6
12788	3
12876	2
12891	2
13311	1
13348	4
13441	1
13522	3
13724	6
14028	1
14249	5
14327	2
14358	5
14379	3
14396	3
14397	3
14609	4
14677	5
14720	1
14798	2
15006	5
15031	1
15153	3
15219	5
15334	2
15422	4
15463	2
15532	3
15533	5
15544	3
15590	3
15619	4
15727	1
15768	2
15781	1
15900	5
15907	1
15978	1
15986	3
16092	4
16132	1
16278	3
16360	5
16379	1
16516	4
16630	3
16701	1
16764	4
16797	1
16964	1
17099	1
17146	5
17175	1
17176	5
17272	6
17351	1
17473	2
17503	2
17560	3
17662	3
17695	3
17756	1
17791	2
17842	3
17851	3
17977	2
18059	5
18078	1
18098	3
18115	1
18148	1
18217	1
18254	2
18265	1
18285	1
18378	4
18450	6
18520	1
18531	1
18570	4
18599	6
18636	4
18728	2
18896	5
18942	6
19039	2
19056	3
19057	4
19183	1
19232	1
19280	3
19294	1
19341	2
19468	5
19512	4
19739	2
19785	1
19867	5
19955	3
20125	4
20152	3
20185	5
20254	3
20295	4
20362	1
20377	4
20540	1
20644	1
20669	3
20749	1
20780	4
20805	3
20865	1
20908	4
20971	2
21065	5
21119	6
21122	1
21439	3
21444	4
21471	5
21488	3
21509	1
21573	3
21589	1
21608	3
21646	3
21739	1
21764	4
21942	1
21981	5
22010	1
22038	5
22055	1
22062	1
22063	6
22087	2
22122	1
22243	1
22309	1
22318	3
22344	4
22356	2
22491	1
22494	4
22552	3
22558	6
22563	1
22601	5
22626	5
22631	6
22638	3
22709	1
22750	1
22915	4
22951	5
22962	2
22989	1
23200	1
23224	1
23255	5
23302	1
23525	3
23569	3
23717	2
23767	1
23846	6
23893	4
23924	1
23983	2
24086	1
24169	1
24184	2
24189	2
24204	1
24406	4
24450	2
24604	5
24625	2
24642	5
24681	1
24739	3
24804	1
24864	2
24941	5
24942	6
25014	1
25045	1
25242	6
25299	2
25318	2
25319	3
25330	2
25331	2
25392	5
25472	5
25491	1
25496	2
25535	3
25597	4
25695	5
25746	1
25759	4
25848	4
25849	6
25854	5
25855	1
26024	5
26126	2
26162	3
26211	1
26240	1
26286	3
26341	3
26545	3
26556	6
26558	3
26587	2
26621	3
26646	1
26700	2
26818	4
26825	2
26843	4
26860	4
26867	6
26913	5
26974	3
27107	1
27116	1
27137	2
27216	2
27277	4
27301	3
27346	6
27502	1
27596	2
27671	2
27725	5
27768	1
27802	1
27847	3
27877	1
28056	6
28059	5
28067	1
28170	3
28231	2
28299	2
28326	6
28350	3
28407	4
28544	4
28578	5
28604	4
28628	1
28663	1
28692	2
28740	2
28812	4
28933	5
28971	1
28979	1
28988	1
29043	5
29068	2
29077	1
29124	3
29139	3
29144	3
29200	1
29257	1
29304	6
29383	3
29528	4
29566	2
29635	2
29680	6
29709	3
29766	1
29959	3
30136	1
30147	2
30245	4
30273	1
30314	2
30323	1
30519	4
30642	2
30649	1
30664	1
30727	4
30802	1
30931	3
31056	3
31113	1
31161	2
31199	2
31264	5
31310	1
31397	3
31496	2
31665	3
31670	2
31727	4
31821	4
32103	1
32166	2
32217	4
32309	1
32405	5
32502	5
32575	1
32590	5
32595	5
32606	5
32758	4
32789	4
32816	1
32823	1
33080	2
33115	1
33132	3
33392	2
33576	1
33591	1
33594	1
33664	3
33702	3
33814	1
33832	2
33846	1
33893	1
33906	6
34002	4
34108	3
34187	3
34200	1
34288	4
34297	1
34300	2
34376	6
34435	4
34440	5
34469	4
34594	1
34666	1
34704	2
35111	1
35144	3
35169	1
35186	1
35281	6
35375	2
35417	4
35446	7
35504	3
35525	1
35596	4
35603	4
35629	1
35648	6
35713	5
35908	5
35919	4
35997	3
36109	3
36124	3
36213	1
36263	3
36274	1
36350	1
36399	5
36466	4
36478	1
36539	3
36648	3
36675	6
36686	3
36711	1
36769	3
36786	6
36900	6
36919	3
36972	3
37230	2
37251	3
37321	4
37324	3
37485	2
37533	1
37598	1
37631	1
37683	2
37684	1
37707	4
37714	5
37762	5
37773	1
37836	1
37936	3
38059	1
38129	6
38361	4
38389	1
38478	5
38491	3
38646	4
38647	4
38662	1
38849	3
38890	5
38961	4
38970	1
38971	3
39039	4
39103	5
39138	1
39171	5
39210	1
39229	3
39236	6
39311	5
39438	4
39447	3
39501	6
39695	4
39719	1
39744	3
39768	1
39864	1
39958	1
39969	1
39974	2
40066	6
40175	3
40368	1
40457	3
40490	3
40509	3
40585	2
40592	3
40653	2
40660	1
40758	3
40819	2
40898	2
40920	2
41040	3
41047	3
41054	1
41127	1
41244	4
41350	4
41560	1
41675	2
41690	1
41707	3
41896	2
42001	4
42014	5
42035	5
42036	5
42049	6
42084	1
42103	4
42108	3
42187	1
42325	4
42408	1
42513	5
42608	5
42828	3
42843	6
42965	3
43065	1
43276	2
43369	4
43442	3
43519	3
43544	5
43658	5
43827	6
44113	1
44162	1
44194	1
44205	1
44296	3
44309	5
44366	3
44383	1
44455	2
44464	2
44465	6
44532	2
44638	3
44661	6
44668	1
44914	1
45007	2
45067	3
45135	4
45202	5
45238	2
45249	5
45370	1
45385	1
45408	1
45512	3
45513	2
45563	1
45701	1
45707	3
45739	1
45777	1
45802	2
45836	4
45861	1
45862	3
45900	1
45956	1
46049	1
46184	2
46187	3
46218	3
46341	1
46677	3
47002	3
47032	4
47035	1
47065	5
47084	1
47119	2
47176	2
47296	4
47353	6
47434	5
47435	7
47461	1
47464	2
47577	3
47586	3
47716	1
47852	4
47878	1
47959	4
48001	7
48054	2
48115	2
48130	3
48194	1
48213	1
48335	2
48338	5
48505	5
48568	1
48721	1
48992	2
49051	5
49094	1
49200	4
49229	2
49399	5
49488	2
49517	5
49542	4
49570	1
49618	6
49669	2
49748	1
49818	1
49858	1
49882	1
49958	1
50007	1
50008	6
50052	5
50181	1
50205	5
50308	1
50338	1
50367	4
50376	3
50409	6
50514	3
50574	1
50589	3
50666	3
50711	1
50746	1
50769	1
50794	4
50815	4
50844	4
50873	3
50878	4
50910	2
51016	2
51031	1
51062	2
51093	4
51120	4
51127	1
51187	5
51235	1
51282	1
51299	2
51398	4
51399	2
51442	1
51445	1
51475	4
51482	1
51505	4
51619	1
51624	1
51880	6
51929	1
52085	3
52092	2
52095	1
52116	3
52123	2
52152	5
52161	6
52362	1
52371	1
52379	5
52658	1
52734	1
52898	5
52944	3
53017	1
53060	3
53079	1
53090	2
53115	1
53229	1
53269	5
53288	2
53319	6
53350	1
53409	6
53490	1
53544	1
53581	3
53600	3
53603	5
53620	4
53699	6
53724	3
53783	2
53810	3
53848	3
53879	3
53892	1
53904	5
53973	3
54000	2
54021	2
54126	3
54222	3
54269	5
54296	3
54337	1
54340	3
54505	5
54525	1
54537	4
54570	1
54611	3
54855	2
54866	6
54896	3
54909	5
55006	4
55061	4
55148	1
55179	6
55206	1
55220	6
55223	1
55436	1
55556	5
55602	1
55623	4
55674	1
55719	2
55749	2
55794	1
55842	1
55847	2
55876	1
55972	5
56004	3
56035	1
56186	3
56253	2
56355	5
56437	2
56469	1
56532	6
56595	1
56620	1
56703	5
56847	1
56850	1
56952	5
57138	1
57171	4
57206	5
57242	3
57318	1
57330	3
57569	3
57642	5
57650	1
57675	2
57682	1
57731	2
57792	1
57816	4
57823	1
57884	3
57935	1
57936	6
58094	3
58143	3
58168	4
58213	3
58274	2
58277	2
58300	4
58371	5
58390	4
58435	3
58440	4
58543	6
58569	1
58570	1
58579	3
58771	5
58792	1
58793	3
58848	1
58965	2
59131	6
59196	2
59280	1
59421	1
59438	1
59475	3
59484	5
59493	1
59562	1
59779	1
59794	3
59854	6
60014	4
60037	1
60117	3
60165	1
60195	5
60200	4
60271	6
60284	1
60399	2
60484	1
60491	3
60605	3
60610	1
60679	3
61007	3
61070	1
61099	5
61118	1
61133	5
61167	3
61308	1
61388	6
61460	4
61516	3
61613	3
61618	2
61625	2
61654	3
61679	1
61835	5
61897	1
61918	2
62180	1
62346	1
62421	2
62456	2
62513	5
62642	3
62751	4
62754	2
62867	3
63030	1
63033	1
63064	5
63134	3
63147	1
63211	1
63218	4
63346	1
63441	1
63470	1
63551	4
63552	1
63591	4
63674	1
63683	5
63740	5
63802	3
63977	3
64042	2
64133	2
64169	5
64172	1
64285	1
64352	2
64511	1
64695	4
64713	2
65017	6
65066	2
65069	2
65127	3
65185	1
65270	6
65287	1
65347	5
65424	2
65550	1
65655	3
65760	1
65845	1
65886	3
65889	1
65944	4
66000	3
66001	1
66038	3
66083	1
66152	1
66161	1
66162	4
66409	2
66457	5
66488	3
66516	3
66604	1
66731	5
66737	1
66748	1
66751	3
66761	5
66786	5
66820	1
66846	5
66875	1
66964	2
67101	1
67116	4
67243	5
67246	2
67308	6
67309	2
67361	2
67585	1
67598	3
67613	5
67622	1
67678	2
67681	5
67691	1
67854	1
67898	3
68031	1
68058	2
68123	2
68232	1
68300	2
68313	3
68316	2
68329	1
68506	1
68509	5
68582	3
68585	2
68617	6
68624	6
68639	1
68680	3
68687	1
68698	6
68809	4
68810	3
69141	1
69166	3
69371	5
69387	1
69394	3
69406	1
69425	4
69440	1
69447	3
69472	3
69535	2
69563	1
69629	1
69632	1
69680	4
69697	3
69702	1
69803	4
69846	2
69867	1
69892	2
69921	5
70075	1
70164	3
70216	2
70259	4
70317	5
70334	1
70428	1
70476	1
70485	6
70510	4
70533	1
70600	1
70795	3
70963	1
71014	4
71061	3
71118	3
71182	3
71285	4
71360	5
71435	2
71436	2
71534	1
71590	4
71611	1
71636	4
71681	3
71694	3
71761	1
71772	1
71854	2
71886	2
71958	1
71965	6
72020	4
72031	1
72108	1
72113	4
72181	3
72345	4
72372	6
72409	1
72466	1
72485	1
72506	1
72532	1
72559	3
72572	2
72587	3
72618	1
72623	2
72707	1
72754	5
72785	4
72837	3
72868	3
72901	3
72968	1
72993	2
73009	1
73079	3
73179	2
73264	1
73343	1
73356	1
73393	6
73406	5
73429	2
73430	1
73553	1
73641	2
73823	6
73904	6
73971	5
73982	6
73989	2
74034	5
74053	1
74104	4
74172	5
74219	5
74379	3
74563	1
74599	2
74996	1
75010	2
75023	2
75070	4
75073	1
75078	2
75093	2
75094	2
75194	1
75209	3
75239	1
75348	2
75373	2
75394	2
75417	1
75571	5
75649	1
75652	6
75671	3
75764	1
75785	3
75851	5
75858	3
75928	1
75986	1
75995	1
76022	6
76161	3
76218	2
76241	1
76290	2
76311	1
76420	1
76484	3
76571	1
76572	2
76573	3
76643	4
76690	5
76842	1
76886	7
76903	5
76988	5
77054	6
77101	1
77184	6
77236	1
77271	1
77302	3
77305	1
77479	2
77611	1
77618	3
77664	1
77700	6
77857	1
77886	4
77962	2
77985	2
77997	6
78037	2
78174	2
78328	6
78388	4
78399	3
78523	4
78532	3
78572	1
78586	1
78666	1
78719	4
78735	1
78760	4
78897	5
78898	1
78965	2
78978	5
79015	6
79022	1
79037	2
79086	2
79113	4
79128	3
79147	3
79279	3
79392	4
79401	2
79498	2
79621	5
79626	5
79674	1
79739	2
79770	6
79812	1
79853	3
79854	3
79857	4
79893	3
79935	3
79956	4
80126	5
80350	3
80548	1
80549	1
80552	5
80625	3
80694	4
80789	1
80864	1
80906	1
80912	4
80964	4
81058	1
81092	3
81093	3
81112	5
81113	2
81128	1
81137	1
81162	4
81187	3
81236	3
81237	3
81320	1
81333	6
81649	1
81686	4
81731	6
81858	1
81919	1
81944	1
81945	1
81976	1
82064	3
82241	1
82358	1
82383	5
82588	1
82599	4
82634	4
82643	3
82862	1
82883	5
82933	3
82970	3
83193	1
83224	5
83264	2
83285	2
83351	6
83517	1
83768	2
83773	5
83797	4
83960	2
84105	1
84152	2
84153	3
84183	5
84184	3
84239	2
84420	4
84513	5
84594	2
84680	4
84778	3
84779	4
84908	1
85259	4
85343	3
85537	3
85576	1
85669	1
85710	4
85758	3
85810	5
85821	3
85843	5
85850	1
85925	1
85958	1
85967	1
86006	3
86096	2
86234	1
86240	2
86277	6
86392	1
86407	1
86580	5
86605	1
86638	1
86656	1
86679	4
86686	3
86693	2
86872	1
86879	3
87248	3
87259	3
87274	1
87353	2
87360	3
87375	1
87419	1
87460	2
87527	1
87554	5
87587	3
87679	4
87680	2
87894	4
87935	3
87976	5
87987	1
88135	4
88277	1
88304	1
88349	1
88481	1
88607	5
88632	6
88650	6
88683	1
88745	2
88797	2
88926	4
89001	1
89052	3
89093	1
89111	4
89198	1
89515	1
89538	3
89626	2
89683	1
89772	2
89791	1
89800	4
89851	5
89854	3
89863	1
90113	4
90118	1
90155	2
90192	3
90193	6
90307	1
90354	2
90382	6
90401	1
90418	5
90474	2
90619	4
90636	2
90671	4
90696	1
90745	1
91037	1
91086	2
91119	2
91120	1
91149	1
91163	2
91180	5
91216	5
91353	5
91395	3
91488	2
91535	1
91569	3
91643	6
91729	3
91845	2
91848	3
91857	1
91880	3
91917	1
91935	4
91956	4
91957	4
91982	4
92011	1
92026	3
92244	3
92255	2
92301	1
92324	3
92476	1
92513	5
92531	2
92589	2
92639	1
92708	1
92727	2
92932	3
92953	1
92966	1
92999	2
93064	2
93203	5
93282	5
93318	1
93335	4
93434	3
93465	5
93549	3
93550	3
93772	3
93831	1
93840	2
93879	2
93951	1
94098	1
94151	6
94171	1
94236	1
94530	1
94553	2
94556	4
94557	3
94578	4
94726	3
94743	1
94866	1
94892	4
94955	1
95005	1
95044	3
95097	3
95112	1
95149	1
95255	5
95432	5
95489	1
95581	2
95642	1
95742	3
95775	3
95806	3
95919	2
95958	1
96215	4
96253	2
96415	1
96549	2
96603	3
96610	5
96615	2
96666	1
96679	2
96699	1
96782	3
96907	5
96944	2
97034	1
97055	1
97100	1
97143	1
97167	4
97178	3
97325	3
97346	5
97406	3
97459	2
97484	3
97505	3
97616	3
97781	3
97847	1
97868	3
97895	5
97970	3
97985	2
98004	6
98133	1
98156	3
98157	6
98215	2
98225	5
98271	4
98419	4
98475	5
98595	5
98688	6
98723	5
98747	4
98778	3
98898	1
98924	3
98943	1
98952	2
98984	3
99065	2
99066	2
99071	1
99245	2
99295	5
99373	5
99396	1
99407	2
99422	1
99485	2
99498	3
99511	3
99606	1
99607	1
99684	4
99691	2
99698	3
99747	1
99772	3
99880	5
99923	7
99940	3
100072	2
100079	3
100090	2
100143	2
100170	1
100226	1
100372	5
100460	5
100467	1
100802	4
100825	1
100856	4
101115	4
101179	1
101196	1
101211	1
101214	2
101231	1
101261	1
101412	1
101467	2
101564	3
101584	2
101607	5
101634	1
101651	2
101787	2
101828	3
101893	4
101906	3
101966	1
101991	3
102009	3
102014	5
102076	3
102118	5
102138	4
102212	1
102264	1
102341	6
102360	3
102452	3
102457	1
102476	1
102563	1
102612	5
102655	4
102732	2
102747	2
102788	1
102827	2
102836	2
102893	2
103007	2
103052	5
103119	3
103229	4
103243	5
103264	1
103293	2
103369	2
103390	1
103513	4
103518	2
103576	1
103632	4
103678	6
103743	2
103840	3
103900	2
103975	3
104134	3
104158	1
104173	3
104259	4
104290	3
104350	4
104357	1
104391	1
104453	4
104486	6
104524	3
104545	5
104578	4
104604	1
104633	5
104675	4
104786	1
104789	2
104824	5
104969	5
104972	3
104986	1
105003	1
105068	3
105081	3
105082	1
105126	1
105137	4
105210	1
105213	1
105218	1
105225	3
105353	5
105425	1
105439	2
105531	5
105538	1
105581	5
105679	3
105740	1
105803	4
105893	1
106033	3
106050	2
106092	4
106189	3
106214	1
106276	1
106308	3
106338	3
106353	2
106392	1
106446	6
106462	2
106487	4
106529	5
106534	5
106553	6
106618	6
106645	5
106816	1
106877	6
106910	1
107004	6
107037	2
107090	1
107131	4
107138	4
107213	5
107257	3
107330	4
107370	4
107377	3
107426	6
107446	1
107482	1
107653	1
107732	4
107784	1
107936	1
107941	4
107958	1
108058	4
108137	1
108142	4
108145	3
108206	5
108207	3
108221	1
108263	6
108314	5
108373	3
108412	5
108499	2
108566	1
108630	5
108678	4
108763	3
108859	3
108929	3
108950	1
108983	4
109007	3
109040	1
109080	3
109125	2
109370	3
109389	3
109392	1
109411	1
109456	3
109487	5
109498	6
109509	1
109538	1
109541	2
109586	4
109602	4
109603	4
109641	5
109664	4
109692	3
109695	3
109731	5
109824	6
109825	1
109838	3
109893	5
109902	1
109964	1
110058	1
110063	3
110088	5
110114	5
110146	5
110202	1
110285	2
110320	1
110327	1
110369	3
110422	3
110437	5
110442	1
110509	4
110561	1
110562	1
110588	1
110702	1
110886	2
110923	1
110948	4
110996	5
111015	5
111058	3
111135	5
111140	3
111174	5
111191	2
111194	5
111300	3
111366	1
111397	3
111445	4
111654	7
111709	1
111799	1
111818	2
111889	1
111904	1
111976	5
112137	1
112221	4
112226	5
112243	4
112278	1
112339	3
112384	5
112397	5
112416	2
112483	1
112488	4
112533	2
112629	1
112632	4
112635	2
112730	1
112733	6
112825	1
112933	5
112974	4
113060	6
113170	1
113221	1
113361	1
113380	2
113414	2
113429	4
113440	5
113619	5
113822	1
113939	4
113948	6
114064	5
114141	1
114164	6
114173	4
114212	1
114238	2
114256	4
114287	3
114330	4
114395	3
114404	3
114520	1
114774	5
114775	1
114869	1
114978	1
115023	1
115026	5
115164	5
115189	5
115224	4
115295	6
115335	3
115366	2
115471	5
115472	2
115563	4
115598	2
115601	3
115602	2
115740	1
115743	5
115764	5
115953	4
115964	2
115969	3
116074	5
116258	3
116287	6
116415	3
116484	5
116514	2
116634	4
116782	3
116817	3
116830	4
116885	3
116949	4
117006	1
117013	1
117156	4
117291	6
117304	3
117309	4
117348	1
117409	4
117410	1
117411	5
117456	1
117514	3
117515	1
117574	5
117697	1
117702	5
117819	1
118012	3
118071	2
118084	1
118142	1
118221	2
118248	1
118263	4
118310	2
118443	1
118463	2
118560	1
118613	3
118674	6
118682	2
118775	1
118804	4
118823	1
118877	1
118894	1
118960	4
118961	2
119000	4
119090	4
119107	2
119206	6
119250	1
119440	1
119511	1
119613	1
119685	6
119714	1
119743	1
119754	2
119828	1
119870	1
119871	3
119886	2
119913	1
120017	4
120103	4
120115	3
120126	3
120135	4
120172	5
120188	3
120280	3
120332	3
120484	3
120499	1
120506	1
120525	4
120604	5
120619	1
120743	1
120766	1
120785	1
120857	1
121009	2
121016	1
121108	4
121165	1
121216	1
121260	2
121304	5
121387	3
121392	5
121422	1
121491	2
121500	4
121553	6
121577	6
121642	3
121731	2
121752	2
121753	5
121845	5
121892	1
122037	1
122126	3
122151	4
122219	1
122329	6
122427	3
122550	1
122690	5
122833	2
122840	1
122964	4
122965	3
123001	6
123020	1
123035	2
123121	1
123138	3
123177	2
123184	1
123198	5
123249	5
123374	3
123419	1
123492	3
123558	1
123566	1
123573	5
123639	3
123666	1
123759	1
123792	5
123858	1
123940	6
123999	3
124031	5
124065	6
124167	2
124176	1
124358	1
124427	2
124432	5
124446	6
124505	1
124520	2
124647	1
124656	2
124663	1
124860	2
124869	1
124936	1
124947	2
125006	4
125017	2
125018	1
125126	2
125209	2
125355	1
125360	1
125503	6
125523	1
125544	4
125595	2
125605	3
125647	3
125753	2
125874	3
125900	1
125982	4
126024	4
126068	3
126081	2
126109	5
126136	1
126325	6
126401	3
126433	6
126500	3
126552	4
126575	6
126602	2
126709	3
126714	4
126868	4
126887	5
126938	2
126943	3
126972	2
126973	2
127289	2
127384	3
127409	1
127412	1
127431	1
127466	4
127469	3
127591	4
127642	6
127643	4
127724	3
127725	3
127757	2
127777	1
127814	7
127845	3
127903	1
127918	5
128118	5
128165	1
128242	3
128265	3
128276	3
128405	4
128426	3
128469	6
128541	4
128548	5
128692	4
128876	2
128911	1
128950	1
129022	1
129095	1
129169	2
129186	4
129267	1
129386	1
129399	1
129422	3
129435	4
129451	1
129483	4
129504	6
129517	3
129551	4
129566	1
129615	2
129806	1
129847	2
129852	1
129951	3
129958	1
130006	3
130033	2
130063	3
130158	3
130243	2
130258	3
130338	6
130355	3
130369	5
130415	3
130480	1
130534	7
130549	2
130552	3
130766	1
130825	1
130856	6
130879	6
130913	3
130979	3
131002	1
131050	2
131229	1
131270	1
131343	2
131348	3
131385	3
131390	1
131407	4
131482	3
131541	3
131544	2
131571	6
131658	1
131715	3
131844	1
131927	1
132170	6
132175	5
132230	1
132286	3
132324	1
132333	2
132351	2
132493	2
132498	3
132519	3
132641	2
132808	4
132843	1
133010	2
133039	1
133239	1
133251	6
133297	4
133344	1
133380	1
133404	4
133631	1
133632	5
133695	1
134057	1
134172	5
134199	1
134223	2
134359	2
134461	5
134487	3
134567	6
134648	3
134813	4
135031	4
135051	2
135081	1
135221	5
135342	3
135498	6
135601	6
135639	3
135668	5
135827	4
135997	4
136000	1
136029	3
136079	3
136134	1
136194	1
136195	5
136208	3
136237	2
136286	1
136308	6
136309	1
136315	1
136365	1
136464	2
136539	1
136568	5
136603	4
136647	6
136658	1
136687	3
136688	1
136735	5
136888	1
136899	5
137063	6
137104	1
137115	4
137226	2
137261	1
137294	2
137351	3
137356	4
137377	1
137459	2
137510	6
137560	1
137597	1
137606	2
137643	1
137648	5
137728	2
137796	3
137815	2
137832	5
137849	2
137852	5
137869	3
137891	2
137936	2
137963	6
138008	3
138015	1
138043	1
138078	5
138139	1
138200	3
138233	3
138356	3
138361	3
138392	3
138437	1
138495	2
138536	3
138629	6
138646	1
138701	1
138860	2
138871	3
138896	3
138903	5
138924	2
138998	3
139087	2
139185	1
139327	3
139350	5
139370	1
139373	4
139402	4
139641	2
139722	3
139927	1
140053	1
140128	5
140135	1
140188	4
140222	3
140272	6
140342	1
140367	4
140432	3
140489	1
140494	4
140580	1
140657	3
140668	4
140704	2
140799	1
140937	5
141079	3
141090	1
141181	3
141209	5
141236	6
141443	3
141468	3
141541	5
141942	4
142033	1
142038	2
142062	4
142080	1
142101	5
142142	2
142225	2
142236	2
142354	2
142596	3
142621	1
142687	2
142747	3
142845	5
142876	1
142885	5
143049	2
143072	6
143533	6
143553	1
143615	5
143662	3
143667	5
143690	5
143886	2
143959	3
144194	3
144243	2
144246	2
144251	5
144266	5
144267	3
144302	4
144357	1
144498	1
144585	6
144734	5
144739	1
144740	1
144769	2
144860	1
144863	2
144921	2
144986	1
145057	5
145070	1
145081	5
145127	1
145144	3
145211	1
145212	3
145316	3
145379	1
145389	1
145456	1
145482	1
145485	3
145492	4
145499	4
145670	1
145671	3
145800	6
145801	3
145810	3
145873	1
146055	1
146108	3
146302	6
146307	6
146370	2
146441	3
146446	1
146457	6
146528	1
146729	6
146784	1
146861	6
146876	3
146901	1
146929	4
146978	5
146985	1
146990	2
147031	3
147062	3
147077	5
147110	6
147117	1
147251	1
147320	4
147343	2
147437	2
147480	3
147487	1
147534	5
147553	1
147572	4
147753	2
147762	1
147887	1
147932	3
148001	3
148014	4
148256	2
148289	2
148302	5
148313	1
148361	4
148432	1
148455	1
148465	1
148471	2
148594	6
148660	2
148673	1
148698	1
148737	1
148819	1
148859	1
148886	5
148957	1
148987	2
148990	6
149112	1
149237	4
149266	1
149267	1
149296	1
149437	1
149469	3
149758	1
149773	6
149926	1
150085	1
150131	4
150168	2
150189	4
150247	6
150303	1
150320	1
150328	3
150333	5
150335	4
150336	4
150359	6
150424	4
150465	3
150504	1
150610	2
150718	3
150824	1
150835	1
150952	6
150957	3
151052	1
151053	1
151119	2
151153	1
151182	4
151189	3
151190	3
151216	2
151269	1
151413	2
151480	1
151497	4
151557	1
151568	5
151635	3
151666	2
151677	2
151834	2
151855	1
151958	2
152013	4
152063	1
152085	1
152092	2
152104	2
152215	2
152243	2
152276	5
152353	3
152410	5
152431	5
152723	4
152820	5
152845	6
152903	2
152906	1
152954	1
153005	1
153006	1
153055	1
153124	6
153184	1
153245	2
153246	4
153379	5
153504	3
153666	3
153731	1
153785	5
153805	1
153891	1
153953	4
154017	3
154116	4
154121	2
154144	1
154165	3
154184	4
154266	1
154359	5
154398	1
154475	3
154519	2
154546	1
154617	3
154796	1
154851	6
154904	1
154917	7
154928	3
155053	5
155137	1
155301	4
155334	3
155402	1
155448	2
155457	3
155462	6
155475	1
155478	3
155522	1
155523	1
155591	1
155772	5
155787	4
155852	1
155864	3
156079	1
156137	4
156308	6
156331	1
156343	5
156344	1
156378	3
156385	4
156410	1
156439	2
156639	6
156738	4
156786	5
156885	2
156886	2
156947	2
156972	1
157115	1
157266	5
157297	1
157515	6
157919	1
158044	1
158131	1
158152	2
158190	3
158253	3
158276	1
158353	2
158616	3
158713	3
158760	3
158990	5
159023	2
159094	3
159171	1
159198	1
159205	5
159208	2
159296	3
159326	1
159337	5
159386	1
159412	2
159415	1
159432	3
159445	2
159460	3
159570	2
159639	1
159644	1
159680	6
159750	2
159820	3
159859	3
159872	2
159954	3
159961	1
160006	1
160041	1
160044	1
160146	2
160153	1
160176	1
160307	2
160375	5
160388	4
160417	2
160462	5
160653	4
160682	4
160697	5
160773	1
160842	1
160851	2
160891	2
160947	2
161001	1
161018	2
161059	6
161121	1
161194	2
161235	5
161288	3
161439	6
161459	3
161510	4
161677	2
161721	3
161774	1
161779	5
161810	4
161890	1
161901	2
161926	6
161969	1
162056	4
162488	3
162512	5
162540	1
162581	1
162615	1
162632	3
162689	4
162746	4
162783	3
162934	3
162985	2
163050	2
163097	3
163098	1
163329	1
163399	1
163466	2
163531	3
163546	1
163577	2
163682	3
163832	1
164032	6
164220	1
164285	6
164342	4
164449	1
164508	1
164668	1
164698	2
164699	6
164775	1
165018	3
165053	3
165109	1
165152	1
165168	1
165169	1
165232	5
165264	4
165289	5
165290	3
165313	1
165377	2
165504	1
165551	6
165562	1
165694	1
165727	4
165740	1
165824	3
165918	5
165968	4
165977	3
165982	1
166164	1
166260	3
166263	2
166334	1
166375	1
166470	6
166522	1
166586	4
166706	1
166713	3
166763	5
166764	4
166933	3
167058	3
167108	3
167141	4
167177	4
167462	1
167652	1
167733	3
167821	3
167844	1
167854	1
167944	3
168085	2
168183	1
168263	1
168291	2
168368	2
168410	2
168504	3
168515	4
168550	5
168578	1
168601	6
168628	1
168685	4
168772	5
168802	1
169004	1
169047	2
169048	4
169083	2
169126	1
169157	1
169180	6
169290	2
169370	2
169389	4
169419	1
169478	1
169530	6
169666	4
169685	1
169708	3
169747	4
169873	2
169910	5
170122	3
170129	1
170218	4
170313	6
170571	1
170614	3
170643	6
170664	1
170669	2
170672	3
170683	5
170802	5
170886	1
171010	1
171090	5
171181	3
171223	3
171224	6
171273	1
171312	2
171329	5
171354	6
171413	4
171656	5
171681	4
171767	1
171774	3
171898	2
171907	5
171938	2
171953	3
172012	2
172019	2
172195	1
172248	2
172331	3
172410	1
172411	1
172412	5
172419	1
172488	1
172510	4
172543	5
172558	5
172583	1
172617	3
172699	2
172760	1
172885	5
172912	5
173001	2
173026	5
173157	5
173347	2
173399	5
173424	1
173427	2
173571	4
173620	4
173678	3
173720	3
173745	4
173786	1
173831	1
173858	4
173863	3
173922	4
173973	5
174083	1
174109	2
174166	4
174187	6
174224	1
174233	1
174321	2
174384	2
174490	3
174596	4
174635	6
174660	2
174795	3
174859	3
175014	1
175039	5
175076	5
175097	3
175108	5
175115	5
175122	1
175260	5
175322	1
175325	4
175340	1
175380	7
175385	5
175410	1
175492	5
175562	3
175577	2
175583	4
175720	6
175761	5
175781	6
175796	1
175855	3
175932	1
175955	1
175993	5
176086	5
176098	1
176144	3
176208	2
176249	2
176254	1
176293	5
176345	1
176366	3
176423	3
176439	4
176463	2
176486	6
176513	3
176522	1
176635	1
176640	3
176781	1
176804	1
176872	3
176898	3
176994	6
177025	4
177175	3
177259	5
177299	4
177395	2
177430	1
177477	5
177641	3
177707	4
177724	6
177741	5
177746	3
177785	2
177819	4
177854	2
177975	1
177986	1
178004	5
178052	1
178117	1
178146	1
178233	1
178307	1
178388	7
178652	1
178717	2
178797	4
178820	1
178835	5
178935	1
178950	2
178965	5
178995	4
179042	3
179088	1
179143	1
179176	1
179214	2
179221	2
179266	6
179335	6
179340	6
179381	2
179434	1
179457	1
179526	1
179584	1
179603	1
179624	4
179629	2
179630	2
179643	3
179694	1
179713	4
179806	1
179813	1
179850	2
179917	3
179918	1
180026	4
180033	3
180081	2
180090	3
180133	2
180238	2
180250	1
180480	6
180493	1
180561	1
180568	1
180649	3
180727	1
180767	1
180794	3
180931	2
181040	4
181071	1
181150	6
181272	1
181297	2
181306	1
181360	3
181390	5
181395	5
181444	3
181472	2
181499	2
181565	4
181615	1
181618	3
181638	3
181647	1
181656	2
181797	2
181800	4
181817	6
181884	2
182033	1
182058	5
182133	3
182370	3
182411	1
182453	5
182509	4
182537	2
182546	1
182599	3
182645	3
182660	4
182702	4
182728	2
182749	3
182776	4
182944	4
183021	5
183215	5
183370	1
183465	2
183564	1
183599	4
183794	3
183795	1
183836	4
183971	5
184153	5
184156	4
184256	1
184338	2
184441	1
184547	2
184575	6
184769	4
184821	2
184836	2
184883	4
185068	3
185151	1
185246	3
185253	1
185296	3
185297	1
185332	1
185341	1
185374	5
185479	2
185506	1
185592	4
185626	1
185684	6
185852	4
185854	3
185861	1
185913	3
185967	3
185996	2
186054	1
186071	6
186173	3
186176	2
186193	2
186248	6
186296	3
186341	2
186377	6
186557	1
186570	1
186661	3
186672	1
186759	3
186869	1
186944	1
187139	3
187144	2
187177	5
187349	2
187384	3
187463	1
187478	2
187525	3
187535	1
187538	2
187650	5
187965	1
187980	1
188166	1
188197	4
188226	1
188255	1
188370	4
188407	5
188512	3
188672	1
188701	3
188905	3
188950	1
188976	1
189080	1
189085	1
189221	1
189222	6
189380	1
189525	6
189595	4
189705	2
189748	1
189855	3
190086	4
190136	1
190155	5
190293	5
190368	4
190400	2
190454	5
190561	1
190621	1
190672	2
190701	6
190718	5
190947	6
190964	2
190979	2
190989	4
191032	3
191047	4
191110	6
191161	4
191269	1
191291	1
191341	3
191360	1
191443	3
191464	1
191471	2
191488	2
191545	1
191552	4
191577	1
191645	5
191698	6
191743	1
191828	4
191904	6
191943	1
192164	2
192178	6
192294	2
192297	3
192407	3
192458	2
192459	3
192503	3
192544	1
192572	1
192641	5
192738	3
192768	2
192769	2
192840	1
192911	3
192937	1
193010	1
193210	7
193211	3
193238	3
193243	5
193306	6
193364	5
193379	1
193424	3
193451	1
193546	2
193683	1
193792	3
193889	2
193938	3
193992	1
194002	6
194035	4
194053	1
194078	1
194095	1
194282	1
194364	3
194382	3
194437	4
194456	5
194574	1
194623	2
194900	6
194951	3
195079	1
195200	3
195316	1
195374	3
195377	3
195527	5
195593	1
195688	3
195694	1
195721	5
195728	4
195737	2
195835	1
195937	3
195954	3
196165	4
196275	1
196341	5
196364	5
196402	4
196404	1
196488	2
196521	3
196776	1
196777	3
196798	4
196848	4
196851	1
196882	3
196976	2
197021	5
197137	2
197148	2
197159	3
197215	2
197235	6
197382	1
197488	1
197520	4
197540	3
197758	6
197959	3
198000	2
198058	2
198162	4
198330	4
198405	1
198414	3
198425	1
198436	1
198437	3
198452	3
198660	4
198721	3
198782	5
198795	3
198874	2
198916	5
199268	1
199373	4
199396	2
199469	4
199528	3
199535	3
199579	3
199803	2
199978	5
200159	3
200256	1
200271	5
200288	1
200305	3
200306	3
200355	3
200388	1
200389	1
200412	2
200582	1
200599	1
200602	4
200825	3
200862	1
200901	5
201003	5
201121	6
201187	4
201192	1
201209	4
201326	1
201679	2
201716	1
201758	1
201889	2
201890	1
201924	3
201975	5
202245	6
202335	1
202372	4
202398	1
202401	4
202402	4
202473	4
202534	5
202543	3
202615	1
202649	3
202702	6
202728	2
202800	3
202817	4
202849	3
202854	2
202883	1
202914	3
202915	5
202925	5
203068	5
203195	3
203199	2
203245	1
203266	3
203269	5
203270	5
203281	3
203302	4
203307	1
203379	1
203462	1
203564	1
203761	3
203868	3
203906	1
203933	5
203947	2
203996	5
204159	3
204226	1
204245	1
204318	3
204325	2
204343	6
204502	1
204572	2
204676	3
204685	3
204814	1
204825	4
205011	1
205073	3
205084	1
205183	6
205202	1
205279	1
205335	4
205347	6
205410	3
205472	1
205572	1
205673	5
205702	2
205739	4
205822	1
205843	3
205899	1
206056	1
206181	3
206224	1
206231	4
206282	1
206311	3
206381	5
206387	6
206417	6
206461	5
206468	7
206489	2
206565	3
206647	4
206710	1
206757	1
206758	5
206773	3
206823	1
206894	2
206957	2
207065	1
207140	5
207143	3
207148	1
207280	3
207341	3
207401	1
207507	3
207514	5
207677	1
207749	3
207762	2
207783	2
207888	4
207903	2
207925	5
207936	3
208055	2
208070	3
208220	3
208229	4
208255	3
208300	4
208329	1
208398	1
208399	4
208482	5
208489	3
208510	2
208751	3
208858	1
208865	1
208892	1
208903	4
209065	2
209233	5
209368	3
209429	4
209436	4
209437	5
209500	5
209630	1
209690	3
209787	2
209897	1
209993	1
210046	3
210057	3
210128	1
210204	2
210225	2
210273	6
210290	3
210363	3
210432	1
210513	6
210573	6
210680	6
210689	2
210727	3
210853	1
210893	2
210943	1
211013	4
211024	2
211152	3
211187	3
211242	2
211468	5
211564	5
211881	1
211889	2
211926	2
211944	1
211985	4
212060	3
212177	2
212267	2
212413	6
212438	2
212458	3
212601	5
212755	3
212851	1
212874	4
212879	4
212888	1
212902	5
212953	3
212956	6
213163	1
213172	5
213200	1
213602	1
213714	1
213756	6
213787	3
213801	3
213879	5
214006	1
214137	2
214160	4
214193	1
214248	1
214348	4
214437	1
214449	5
214456	5
214498	1
214509	4
214523	4
214542	4
214551	2
214554	1
214629	4
214725	1
214751	3
214803	3
214820	3
214948	1
215026	3
215035	1
215127	5
215159	6
215171	2
215252	3
215332	5
215349	1
215489	1
215520	3
215659	5
215758	2
215808	1
215854	5
215855	3
215920	2
215985	1
216009	4
216026	1
216138	3
216147	1
216289	2
216501	1
216546	1
216591	3
216658	6
216671	1
217036	5
217043	3
217076	6
217083	1
217090	4
217155	4
217212	4
217254	1
217329	3
217432	1
217468	1
217524	3
217527	3
217544	1
217578	2
217619	1
217631	4
217695	5
217724	1
217779	3
217864	5
217945	5
218037	5
218076	1
218089	3
218144	1
218176	2
218357	3
218406	1
218481	4
218640	1
218801	3
218948	5
218955	1
218986	4
219009	5
219014	1
219025	2
219236	1
219251	3
219252	4
219259	3
219321	2
219338	4
219381	3
219420	1
219473	5
219544	1
219610	4
219704	3
220287	3
220310	2
220384	3
220434	4
220593	3
220608	1
220629	1
220642	5
220651	5
220686	3
220737	1
220750	4
220802	4
220820	1
220833	1
220858	3
220891	3
220922	1
221017	4
221024	5
221077	2
221158	2
221193	5
221208	6
221255	1
221261	1
221350	5
221418	4
221506	4
221523	3
221606	6
221607	3
221620	2
221639	4
221676	1
221713	3
221761	5
222021	4
222065	3
222068	5
222133	2
222186	1
222310	6
222454	1
222463	1
222568	1
222633	2
222668	3
222724	3
222729	2
222843	1
222866	2
222990	3
223082	6
223111	3
223112	5
223174	3
223175	6
223416	5
223445	5
223458	5
223526	5
223564	1
223711	2
223789	6
223796	6
223837	1
223862	4
223896	6
223907	5
223930	5
223937	1
224024	5
224090	3
224163	2
224213	5
224282	1
224471	5
224474	3
224513	2
224578	6
224595	1
224761	3
224766	4
224857	3
224868	5
225037	1
225073	3
225312	4
225317	4
225371	3
225380	1
225458	5
225491	5
225532	3
225585	3
225648	1
225713	5
225729	4
225839	2
225880	3
226086	6
226233	1
226240	1
226241	1
226422	2
226435	2
226472	3
226509	6
226617	3
226642	3
226716	1
226781	2
226826	5
226907	1
226928	2
227166	3
227171	1
227180	6
227206	2
227231	3
227236	1
227411	3
227573	6
227582	1
227615	4
227639	1
227725	1
227809	3
227867	3
227893	6
227898	1
227929	2
228004	4
228071	5
228086	4
228283	1
228342	4
228388	1
228398	4
228442	4
228461	3
228464	3
228485	2
228542	2
228625	2
228687	3
228820	4
228823	1
228873	6
228892	3
228915	5
228982	2
228983	3
228986	1
229044	5
229106	4
229117	4
229118	4
229183	1
229220	6
229254	6
229288	1
229319	4
229407	4
229572	6
229633	1
229646	2
229751	2
229780	5
229781	1
229786	4
229823	1
229840	1
229946	3
229981	1
230022	2
230059	4
230098	6
230152	4
230163	2
230226	3
230249	2
230332	2
230354	4
230357	4
230448	2
230707	4
230810	4
230825	4
230866	1
230922	3
231004	1
231065	4
231130	1
231189	1
231327	5
231404	6
231422	1
231476	1
231479	1
231493	3
231549	1
231559	6
231566	3
231583	3
231625	5
231634	1
231679	3
231722	2
231782	1
231831	6
231842	4
231944	5
231990	1
232017	5
232026	1
232160	1
232165	4
232310	3
232315	1
232318	1
232341	1
232386	4
232429	4
232516	3
232535	2
232564	3
232687	3
232696	2
232802	5
232926	2
232970	5
233045	1
233054	1
233073	7
233097	2
233140	5
233151	1
233200	1
233250	1
233285	2
233286	4
233396	3
233472	2
233580	3
233629	3
233660	3
233779	3
233800	5
234006	4
234031	3
234073	4
234090	4
234093	1
234298	2
234311	1
234443	1
234620	3
234783	1
234810	3
234868	1
234918	2
234935	4
235020	2
235061	2
235064	3
235071	1
235120	5
235153	3
235158	1
235181	3
235238	3
235303	1
235316	1
235383	4
235493	1
235531	2
235584	4
235589	5
235604	1
235641	3
235650	4
235709	3
235744	1
235804	6
235954	3
235967	3
236089	3
236189	1
236297	4
236366	1
236525	2
236528	5
236630	6
236647	4
236672	1
236801	1
236921	2
236942	5
236961	6
237000	2
237024	4
237055	1
237062	1
237073	4
237157	1
237168	1
237169	2
237239	1
237256	6
237265	4
237328	5
237395	3
237491	2
237514	5
237838	1
237847	4
237938	2
237959	3
238032	4
238080	6
238174	5
238181	4
238240	3
238249	1
238291	3
238308	3
238325	1
238448	1
238533	1
238596	2
238641	6
238803	5
238849	6
238876	1
238883	1
238993	5
239006	3
239090	2
239148	1
239159	2
239246	1
239253	1
239346	3
239433	2
239453	1
239467	4
239474	1
239545	5
239678	6
239879	3
240006	5
240030	3
240035	4
240108	4
240131	1
240180	1
240200	2
240263	3
240330	6
240395	1
240430	6
240498	2
240499	1
240520	3
240559	3
240739	2
240770	4
240787	2
240824	3
240847	5
240873	3
240977	1
240996	1
241131	5
241187	1
241212	2
241386	1
241395	3
241479	1
241573	6
241606	1
241659	1
241707	3
241716	2
241731	4
241747	1
241777	4
241876	1
241883	2
241920	1
242057	7
242072	4
242168	4
242173	2
242288	3
242544	1
242557	1
242589	1
242612	1
242647	2
242656	5
242698	4
242705	2
242736	1
242759	4
242790	3
242928	1
242947	2
243164	3
243291	2
243316	3
243331	1
243334	3
243423	4
243467	2
243489	2
243617	2
243697	3
243744	6
243794	3
243888	5
244037	6
244069	2
244076	1
244299	4
244307	2
244422	5
244467	1
244492	1
244528	1
244626	1
244671	1
244684	2
244775	6
244817	5
245145	3
245230	5
245294	5
245382	3
245457	1
245462	2
245783	3
245849	2
245992	4
246011	3
246032	3
246061	1
246064	6
246071	6
246335	6
246349	1
246487	4
246692	2
246715	2
246829	1
246981	2
246996	3
247123	1
247161	1
247290	4
247309	5
247395	5
247457	3
247460	5
247461	2
247602	1
247627	5
247673	1
247821	2
247824	1
247879	4
247954	3
247955	3
247989	1
248067	3
248115	3
248152	3
248157	4
248166	1
248292	4
248329	3
248330	2
248349	4
248397	5
248475	1
248513	1
248514	4
248527	3
248633	1
248684	2
248776	3
248779	1
248820	1
248922	1
248964	1
249004	4
249147	5
249319	1
249430	1
249470	1
249507	3
249593	2
249639	2
249679	5
249827	4
249860	4
249928	1
249951	1
250080	3
250398	1
250630	1
250666	1
250669	2
250760	5
250873	4
251038	3
251051	1
251068	5
251091	1
251122	3
251161	4
251170	2
251226	1
251237	4
251315	3
251341	4
251352	1
251409	4
251416	1
251461	4
251561	3
251689	3
251747	1
251783	4
251866	1
251961	3
251986	3
252019	2
252070	1
252089	6
252098	1
252125	1
252126	3
252173	1
252211	5
252259	1
252322	1
252442	1
252485	2
252583	3
252622	5
252659	2
252694	4
252754	1
252757	4
252764	4
252802	1
252828	5
252904	5
253006	5
253013	4
253028	5
253044	6
253050	2
253121	2
253160	1
253241	6
253262	1
253265	3
253276	5
253342	3
253462	1
253481	4
253508	3
253541	6
253544	3
253636	2
253684	1
253775	3
253836	1
253879	3
253902	3
254160	3
254360	1
254397	1
254402	5
254481	4
254521	3
254600	3
254634	5
254635	1
254658	1
254659	5
254676	3
254807	1
254881	6
254897	1
254906	2
254923	1
254960	1
255123	1
255130	2
255247	2
255256	1
255275	6
255374	2
255413	3
255664	1
255724	3
255848	1
255999	2
256272	1
256343	2
256426	4
256435	5
256450	2
256597	2
256712	4
256740	4
256807	4
256886	4
256990	2
257043	3
257173	2
257510	1
257583	5
257702	2
257732	2
257828	1
257843	4
257888	1
257906	5
258017	2
258134	5
258173	5
258200	2
258221	3
258301	3
258356	2
258433	4
258493	6
258551	3
258762	4
258932	1
258963	6
259086	3
259090	5
259180	2
259258	1
259299	2
259302	5
259339	6
259401	4
259424	2
259447	2
259454	5
259525	1
259550	1
259629	1
259864	5
259885	1
259912	6
259915	2
260025	3
260269	5
260355	1
260389	6
260517	3
260580	3
260653	1
260762	1
260769	4
261094	2
261111	2
261158	1
261193	2
261194	4
261335	1
261404	6
261498	1
261560	1
261599	4
261641	3
261672	1
261695	4
261809	5
261812	5
261877	1
261978	1
261979	4
261990	4
262011	1
262012	1
262110	1
262151	2
262172	3
262173	2
262176	2
262289	3
262318	2
262350	3
262379	6
262394	1
262481	5
262578	3
262604	5
262732	4
262733	3
262754	6
262771	1
262828	1
262829	3
262908	1
263022	2
263042	1
263133	1
263284	2
263307	1
263380	1
263393	6
263595	2
263666	3
263834	4
264038	2
264089	2
264098	5
264189	2
264304	1
264360	1
264374	5
264389	2
264446	4
264449	5
264574	2
264621	6
264691	1
264714	3
264812	1
264829	1
264886	3
264911	4
264984	1
265047	4
265087	4
265142	2
265277	1
265294	1
265315	5
265370	6
265427	5
265505	1
265512	1
265557	1
265572	1
265613	3
265649	5
265694	1
265743	5
265767	5
265811	6
265875	4
265913	1
265926	2
265944	2
265962	2
266003	1
266046	2
266047	5
266080	2
266087	6
266102	1
266133	1
266155	2
266219	3
266467	1
266476	2
266501	3
266508	3
266550	5
266657	7
266733	2
266762	1
267049	5
267097	5
267102	2
267134	1
267169	1
267176	3
267311	4
267322	5
267377	3
267421	2
267502	6
267505	1
267559	2
267632	2
267770	1
267777	5
267830	2
267837	1
267870	3
267891	2
267938	4
268112	1
268186	3
268187	1
268256	4
268333	4
268380	4
268499	1
268691	3
268738	3
268771	1
268846	2
268925	3
269150	1
269251	3
269283	1
269335	5
269372	4
269560	3
269602	1
269613	1
269687	1
269705	4
269729	4
269779	3
269800	2
269836	1
269863	3
269892	1
269921	5
269988	1
270044	4
270134	1
270254	6
270261	1
270317	2
270331	1
270555	1
270560	3
270571	6
270601	5
270612	5
270623	4
270704	1
270707	1
270762	5
270848	3
270855	2
271089	1
271136	4
271187	6
271383	1
271502	1
271555	1
271609	6
271634	3
271694	3
271745	4
271746	2
271831	4
271850	2
272058	6
272217	4
272255	2
272262	1
272313	1
272396	1
272432	3
272458	6
272463	4
272582	1
272593	3
272657	3
272684	1
272701	3
272722	3
272784	3
272860	4
272895	2
273120	2
273151	4
273309	3
273326	5
273337	2
273450	3
273483	2
273604	1
273631	1
273646	1
273800	5
273814	5
273894	1
273958	5
273981	1
274016	4
274031	3
274079	2
274095	1
274152	5
274239	5
274304	1
274369	1
274370	4
274381	1
274395	1
274440	5
274485	3
274495	1
274506	4
274759	6
274763	3
274811	2
275033	2
275079	6
275190	6
275200	4
275201	2
275206	1
275267	6
275291	5
275315	3
275419	1
275497	6
275636	1
275744	4
275749	1
275895	2
275951	3
276163	3
276185	5
276203	4
276262	6
276389	5
276392	2
276411	1
276698	1
276735	1
276768	6
276804	4
276840	1
276963	7
276988	3
276989	3
277022	1
277070	4
277107	1
277161	1
277238	1
277264	3
277324	5
277345	5
277346	6
277617	1
277658	3
277679	1
277767	1
277850	3
277909	6
277994	2
278294	2
278339	2
278376	1
278407	1
278511	5
278593	3
278870	1
278929	3
278945	4
278980	1
279055	5
279095	4
279128	4
279185	6
279495	4
279562	1
279766	1
279781	1
279865	1
279880	5
279946	3
279964	4
280005	1
280040	1
280171	5
280218	2
280229	3
280232	4
280251	1
280318	3
280335	1
280454	6
280565	5
280620	4
280708	4
280784	7
281045	1
281108	1
281169	1
281176	1
281296	1
281412	4
281533	5
281669	1
281789	4
281911	1
281985	6
282054	1
282082	3
282089	1
282126	3
282138	3
282171	2
282249	3
282287	1
282309	4
282328	5
282365	3
282486	3
282524	6
282603	1
282643	3
282756	5
282812	5
282871	2
283072	3
283140	3
283143	3
283164	3
283173	1
283266	5
283323	5
283384	1
283413	2
283476	1
283634	1
283639	4
283795	3
283806	1
283949	1
284067	3
284087	2
284159	6
284292	2
284424	1
284435	6
284508	3
284511	4
284518	5
284594	1
284676	6
284724	3
284895	1
284922	3
285035	4
285042	4
285077	5
285232	1
285569	4
285572	1
285595	2
285600	1
285603	6
285618	4
285661	4
285675	1
285676	2
285748	1
285780	1
285785	5
285798	1
285881	4
285882	1
285985	3
286065	2
286151	1
286156	1
286168	5
286175	2
286224	4
286302	6
286347	2
286488	3
286558	3
286634	2
286649	2
286650	3
286691	4
286742	2
286881	2
286985	4
287010	1
287113	2
287119	1
287163	3
287299	1
287302	1
287313	4
287375	4
287415	5
287428	1
287457	1
287546	4
287555	1
287577	1
287580	2
287593	5
287610	1
287787	3
287848	1
287849	2
287857	4
287906	2
288084	1
288127	1
288180	1
288248	3
288295	2
288363	6
288382	3
288412	1
288709	2
288759	3
288848	4
288849	6
288870	4
288939	6
288970	3
289015	2
289038	1
289063	2
289084	3
289109	2
289133	6
289187	7
289219	1
289220	6
289280	4
289299	4
289316	2
289416	2
289433	5
289460	4
289495	1
289512	1
289655	1
289673	1
289686	6
289936	6
290038	1
290109	3
290165	2
290186	1
290231	1
290376	2
290395	1
290457	1
290488	3
290545	6
290675	3
